Time = 547461459.115073, X= -0.041015625, Y = 0.86376953125, Z= -0.6572265625
Time = 547461356.146994, X= -0.04150390625, Y = 0.86572265625, Z= -0.65771484375